Original

10 10
2 0 2 0 4 0 2 0 4 0
0 0 0 0 0 0 0 0 0 2
3 0 2 0 2 0 2 3 0 0
0 0 0 0 0 0 0 3 0 2
3 0 3 0 0 3 0 0 0 0
0 0 0 0 4 0 0 4 0 4
2 0 4 0 0 0 0 0 0 0
0 0 4 2 0 2 0 2 0 4
2 0 0 0 0 0 0 0 0 0
0 3 0 2 0 3 0 2 0 2


Test

10 10
2 0 2 0 4 0 2 0 4 0
0 3 0 13 0 4 0 3 0 2
3 0 2 0 2 3 2 3 0 0
0 0 0 13 0 3 0 3 0 2
3 0 3 0 0 3 0 4 0 4
0 13 3 3 4 0 3 4 3 4
2 0 4 0 0 0 0 0 3 0
0 0 4 2 4 2 3 2 0 4
2 0 0 0 0 0 4 0 0 0
0 3 0 2 0 3 0 2 4 2 



APPROVED

10 10
2 0 2 0 4 0 2 0 4 0
0 3 0 13 0 4 0 3 0 2
3 0 2 0 2 3 2 3 0 0
0 13 0 13 0 3 0 3 0 2
3 0 3 0 0 3 0 4 0 4
0 13 3 3 4 0 3 4 3 4
2 0 4 2 0 2 0 0 3 0
0 0 4 2 4 2 3 2 0 4
2 0 0 0 0 0 4 0 0 0
0 3 0 2 0 3 0 2 4 2  309


10 10
2 0 2 0 4 0 2 0 4 0
0 3 0 13 0 4 0 3 0 2
3 0 2 0 2 3 2 3 0 0
0 13 0 13 0 3 0 3 0 2
3 0 3 0 0 3 0 4 0 4
0 13 3 3 4 0 3 4 3 4
2 0 4 2 0 2 0 0 3 4
13 0 4 2 4 2 3 2 0 4
2 0 0 0 0 0 4 0 0 0
0 3 0 2 0 3 0 2 4 2   217


10 10
2 0 2 0 4 0 2 0 4 0
0 3 0 13 13 4 0 3 0 2
3 0 2 0 2 3 2 3 0 0
3 13 0 13 0 3 0 3 0 2
3 0 3 0 0 3 0 4 3 4
0 13 3 3 4 0 3 4 3 4
2 0 4 2 4 2 0 0 3 4
13 0 4 2 4 2 3 2 0 4
2 0 0 0 3 0 4 0 0 0
0 3 0 2 0 3 0 2 4 2    35


10 10
2 0 2 0 4 0 2 0 4 0
0 3 0 13 13 4 0 3 0 2
0 2 2 0 0 3 2 3 0 0
3 13 13 13 2 3 0 3 0 2
3 0 3 0 0 3 0 4 3 4
0 13 3 3 4 0 3 4 3 4
2 0 4 2 4 2 0 0 3 4
13 0 4 2 4 2 3 2 0 4
2 3 0 0 3 0 4 0 0 0
0 3 0 2 0 3 0 2 4 2   19


10 10
2 3 0 2 4 4 2 2 0 2
0 3 0 13 13 4 0 3 4 2
0 2 2 0 0 3 2 3 4 0
3 13 13 13 2 3 0 3 0 2
3 0 3 0 0 3 0 4 3 4
2 13 3 3 4 0 3 4 3 4
2 0 4 2 4 2 0 0 3 4
13 0 0 2 4 2 3 2 2 4
2 3 4 4 3 0 4 0 0 0
0 0 3 2 0 3 2 0 4 2  hz


5 5
2 2 3 0 3
4 0 2 4 0
0 3 0 0 0
4 0 4 4 0
0 0 2 0 5