Original

10 10
2 0 2 0 4 0 2 0 4 0
0 0 0 0 0 0 0 0 0 2
3 0 2 0 2 0 2 3 0 0
0 0 0 0 0 0 0 3 0 2
3 0 3 0 0 3 0 0 0 0
0 0 0 0 4 0 0 4 0 4
2 0 4 0 0 0 0 0 0 0
0 0 4 2 0 2 0 2 0 4
2 0 0 0 0 0 0 0 0 0
0 3 0 2 0 3 0 2 0 2


Test

10 10
2 0 2 0 4 0 2 0 4 0 - 0
0 3 0 13 0 4 0 3 0 2 - 4 (3, 13, 4, 3)
3 0 2 0 2 0 2 3 0 0  - 0
0 13 0 13 0 3 0 3 0 2  - 3 (13, 13, 3)
3 0 3 0 0 3 0 4 0 0  - 1 (4)
0 13 3 3 4 0 0 4 3 4  - 4 (13, 3, 3, 3)
2 0 4 2 0 2 0 0 3 0  - 2 (2, 2)
0 0 4 2 4 2 3 2 0 4  - 2 (4, 3)
2 0 0 0 0 0 4 0 0 0  - 1 (4)
0 3 0 2 0 3 0 2 0 2  - 0



APPROVED

10 10
2 0 2 0 4 0 2 0 4 0
0 3 0 13 0 4 0 3 0 2
3 0 2 0 2 0 2 3 0 0
0 13 0 13 0 3 0 3 0 2
3 0 3 0 0 3 0 4 0 0
0 13 3 3 4 0 3 4 3 4
2 0 4 2 0 2 0 0 3 0
0 0 4 2 4 2 3 2 0 4
2 0 0 0 0 0 4 0 0 0
0 3 0 2 0 3 0 2 0 2  477


10 10
2 0 2 0 4 0 2 0 4 0
0 3 0 13 0 4 0 3 0 2
3 0 2 0 2 0 2 3 0 0
0 13 0 13 0 3 0 3 0 2
3 0 3 0 0 3 0 4 0 4
0 13 3 3 4 0 3 4 3 4
2 0 4 2 0 2 0 0 3 0
0 0 4 2 4 2 3 2 0 4
2 0 0 0 0 0 4 0 0 0
0 3 0 2 0 3 0 2 0 2  412


10 10
2 0 2 0 4 0 2 0 4 0
0 3 0 13 0 4 0 3 0 2
3 0 2 0 2 3 2 3 0 0
0 13 0 13 0 3 0 3 0 2
3 0 3 0 0 3 0 4 0 4
0 13 3 3 4 0 3 4 3 4
2 0 4 2 0 2 0 0 3 0
0 0 4 2 4 2 3 2 0 4
2 0 0 0 0 0 4 0 0 0
0 3 0 2 0 3 0 2 4 2  309


10 10
2 0 2 0 4 0 2 0 4 0
0 3 0 13 0 4 0 3 0 2
3 0 2 0 2 3 2 3 0 0
0 13 0 13 0 3 0 3 0 2
3 0 3 0 0 3 0 4 0 4
0 13 3 3 4 0 3 4 3 4
2 0 4 2 0 2 0 0 3 4
13 0 4 2 4 2 3 2 0 4
2 0 0 0 0 0 4 0 0 0
0 3 0 2 0 3 0 2 4 2   217


10 10
2 0 2 0 4 0 2 0 4 0
0 3 0 13 13 4 0 3 0 2
3 0 2 0 2 3 2 3 0 0
3 13 0 13 0 3 0 3 0 2
3 0 3 0 0 3 0 4 3 4
0 13 3 3 4 0 3 4 3 4
2 0 4 2 4 2 0 0 3 4
13 0 4 2 4 2 3 2 0 4
2 0 0 0 3 0 4 0 0 0
0 3 0 2 0 3 0 2 4 2    35


10 10
2 0 2 0 4 0 2 0 4 0
0 3 0 13 13 4 0 3 0 2
0 2 2 0 0 3 2 3 0 0
3 13 13 13 2 3 0 3 0 2
3 0 3 0 0 3 0 4 3 4
0 13 3 3 4 0 3 4 3 4
2 0 4 2 4 2 0 0 3 4
13 0 4 2 4 2 3 2 0 4
2 3 0 0 3 0 4 0 0 0
0 3 0 2 0 3 0 2 4 2   19


Best attempt

10 10
2 0 2 0 4 0 2 0 4 0 - 0
0 3 0 13 0 4 0 3 0 2 - 4 (3, 13, 4, 3)
3 0 2 0 2 0 2 3 0 0  - 0
0 13 0 13 0 3 0 3 0 2  - 3 (13, 13, 3)
3 0 3 0 0 3 0 4 0 0  - 1 (4)
0 13 3 3 4 0 0 4 3 4  - 4 (13, 3, 3, 3)
2 0 4 2 0 2 0 0 3 0  - 2 (2, 2)
0 0 4 2 4 2 3 2 0 4  - 2 (4, 3)
2 0 0 0 0 0 4 0 0 0  - 1 (4)
0 3 0 2 0 3 0 2 0 2  - 0                  477